<?xml version="1.0"?>
<opencv_storage>
<img_points type_id="opencv-matrix">
  <rows>17</rows>
  <cols>3</cols>
  <dt>d</dt>
  <data>
    977. 2493. 0. 966. 2379. 0. 1480. 2241. 0. 1508. 1841. 0. 1692.
    1794. 0. 1779. 1925. 0. 1722. 2326. 0. 1983. 2770. 0. 1955. 2880. 0.
    67. 28. 0. 1028. 2630. 0. 1020. 2518. 0. 1550. 2371. 0. 1796. 2824.
    0. 1773. 2930. 0. 1539. 2484. 0. 1588. 1968. 0.</data></img_points>
<obj_points type_id="opencv-matrix">
  <rows>17</rows>
  <cols>3</cols>
  <dt>d</dt>
  <data>
    2.9999999999999999e-02 -1.0000000000000000e-02 0.
    2.9999999999999999e-02 -1.0000000000000000e-02
    1.0000000000000000e-02 0. -1.0000000000000000e-02
    1.0000000000000000e-02 0. -1.0000000000000000e-02
    4.0000000000000001e-02 -1.0000000000000000e-02
    -1.0000000000000000e-02 4.0000000000000001e-02
    -1.0000000000000000e-02 0. 4.0000000000000001e-02
    -1.0000000000000000e-02 0. 1.0000000000000000e-02
    -1.0000000000000000e-02 2.9999999999999999e-02
    1.0000000000000000e-02 -1.0000000000000000e-02
    2.9999999999999999e-02 0. -1.0000000000000000e-02
    -1.0000000000000000e-02 0. 2.9999999999999999e-02 0. 0.
    2.9999999999999999e-02 0. 1.0000000000000000e-02 0. 0.
    1.0000000000000000e-02 0. 2.9999999999999999e-02
    1.0000000000000000e-02 0. 2.9999999999999999e-02 0. 0. 0. 0. 0. 0.
    4.0000000000000001e-02</data></obj_points>
</opencv_storage>
