cwR=[
-0.94534404807523642, 0.32410358557639324, -0.035797996944693058, 
0.25753702796844513, 0.67479262504429494, -0.69161375955876503, 
-0.19999827497732781, -0.66303226090617629, -0.72137986595394987, 
];
cwt=[
0.02145347278090641, 
0.02456422633413784, 
0.20000000000000001, 
];
K=[
3729, 0, 1148, 
0, 3729, 2040, 
0, 0, 1, 
];
Pint=[
3729, 0, 1148, 0, 
0, 3729, 2040, 0, 
0, 0, 1, 0, 
];
Pext=[
-0.94534404807523642, 0.32410358557639324, -0.035797996944693058, 0.02145347278090641, 
0.25753702796844513, 0.67479262504429494, -0.69161375955876503, 0.02456422633413784, 
-0.19999827497732781, -0.66303226090617629, -0.72137986595394987, 0.20000000000000001, 
0, 0, 0, 1, 
];
Perspective=[
-3754.7859749465292, 447.42123509407998, -961.63481672189482, 309.60000000000002, 
552.35909634058316, 1163.7158865415763, -4050.6426359406923, 499.60000000000002, 
-0.19999827497732781, -0.66303226090617629, -0.72137986595394987, 0.20000000000000001, 
];
vertices=[
0.029999999999999999, 0.029999999999999999, 0, 0, -0.01, -0.01, -0.01, -0.01, -0.01, -0.01, 0.029999999999999999, 0.029999999999999999, 0, 0, 0, 0, 0, 
-0.01, -0.01, -0.01, -0.01, -0.01, 0, 0, 0.029999999999999999, 0.029999999999999999, -0.01, 0, 0, 0, 0.029999999999999999, 0.029999999999999999, 0, 0, 
0, 0.01, 0.01, 0.040000000000000001, 0.040000000000000001, 0.040000000000000001, 0.01, 0.01, 0, 0, 0, 0.01, 0.01, 0.01, 0, 0, 0.040000000000000001, 
1, 1, 1, 1, 1, 1, 1, 1, 1, 1, 1, 1, 1, 1, 1, 1, 1, 
];
image_vertices=[
959.38717661729299, 945.45082070364163, 1481.870376783028, 1499.9870793164462, 1692.1600187598151, 1782.7996467419036, 1732.8308635374594, 2006.6537903885351, 1979.9706069222395, 1642.4921911950457, 1015.2390114035812, 1002.9649906461495, 1556.0431698273353, 1812.6947893074191, 1793.4838311877775, 1548, 1584.2409400500314, 
2514.7419259665221, 2399.1076565466728, 2243.8281738801179, 1833.4237157759342, 1782.302029736411, 1917.763203966121, 2328.5531507053556, 2792.9949698494979, 2904.7869258845139, 2312.4121365848737, 2660.6733773121678, 2546.5704175709038, 2381.361168218848, 2857.2508344997823, 2967.7105592538151, 2498, 1972.4483828104371, 
1, 1, 1, 1, 1, 1, 1, 1, 1, 1, 1, 1, 1, 1, 1, 1, 1, 
];
DLT=[
0.029999999999999999, -0.01, 0, 1, 0, 0, 0, 0, -28.781615298518791, 9.5938717661729296, -0, -959.38717661729299, 
0, 0, 0, 0, 0.029999999999999999, -0.01, 0, 1, -75.442257778995653, 25.14741925966522, -0, -2514.7419259665221, 
0.029999999999999999, -0.01, 0.01, 1, 0, 0, 0, 0, -28.363524621109249, 9.454508207036417, -9.454508207036417, -945.45082070364163, 
0, 0, 0, 0, 0.029999999999999999, -0.01, 0.01, 1, -71.973229696400182, 23.991076565466727, -23.991076565466727, -2399.1076565466728, 
0, -0.01, 0.01, 1, 0, 0, 0, 0, -0, 14.81870376783028, -14.81870376783028, -1481.870376783028, 
0, 0, 0, 0, 0, -0.01, 0.01, 1, -0, 22.43828173880118, -22.43828173880118, -2243.8281738801179, 
0, -0.01, 0.040000000000000001, 1, 0, 0, 0, 0, -0, 14.999870793164462, -59.999483172657847, -1499.9870793164462, 
0, 0, 0, 0, 0, -0.01, 0.040000000000000001, 1, -0, 18.334237157759343, -73.336948631037373, -1833.4237157759342, 
-0.01, -0.01, 0.040000000000000001, 1, 0, 0, 0, 0, 16.921600187598152, 16.921600187598152, -67.686400750392608, -1692.1600187598151, 
0, 0, 0, 0, -0.01, -0.01, 0.040000000000000001, 1, 17.82302029736411, 17.82302029736411, -71.292081189456439, -1782.302029736411, 
-0.01, 0, 0.040000000000000001, 1, 0, 0, 0, 0, 17.827996467419037, -0, -71.31198586967615, -1782.7996467419036, 
0, 0, 0, 0, -0.01, 0, 0.040000000000000001, 1, 19.177632039661209, -0, -76.710528158644834, -1917.763203966121, 
-0.01, 0, 0.01, 1, 0, 0, 0, 0, 17.328308635374594, -0, -17.328308635374594, -1732.8308635374594, 
0, 0, 0, 0, -0.01, 0, 0.01, 1, 23.285531507053555, -0, -23.285531507053555, -2328.5531507053556, 
-0.01, 0.029999999999999999, 0.01, 1, 0, 0, 0, 0, 20.066537903885351, -60.199613711656049, -20.066537903885351, -2006.6537903885351, 
0, 0, 0, 0, -0.01, 0.029999999999999999, 0.01, 1, 27.92994969849498, -83.789849095484939, -27.92994969849498, -2792.9949698494979, 
-0.01, 0.029999999999999999, 0, 1, 0, 0, 0, 0, 19.799706069222395, -59.399118207667186, -0, -1979.9706069222395, 
0, 0, 0, 0, -0.01, 0.029999999999999999, 0, 1, 29.047869258845139, -87.143607776535418, -0, -2904.7869258845139, 
-0.01, -0.01, 0, 1, 0, 0, 0, 0, 16.424921911950456, 16.424921911950456, -0, -1642.4921911950457, 
0, 0, 0, 0, -0.01, -0.01, 0, 1, 23.124121365848737, 23.124121365848737, -0, -2312.4121365848737, 
0.029999999999999999, 0, 0, 1, 0, 0, 0, 0, -30.457170342107435, -0, -0, -1015.2390114035812, 
0, 0, 0, 0, 0.029999999999999999, 0, 0, 1, -79.820201319365026, -0, -0, -2660.6733773121678, 
0.029999999999999999, 0, 0.01, 1, 0, 0, 0, 0, -30.088949719384484, -0, -10.029649906461495, -1002.9649906461495, 
0, 0, 0, 0, 0.029999999999999999, 0, 0.01, 1, -76.397112527127106, -0, -25.465704175709039, -2546.5704175709038, 
0, 0, 0.01, 1, 0, 0, 0, 0, -0, -0, -15.560431698273353, -1556.0431698273353, 
0, 0, 0, 0, 0, 0, 0.01, 1, -0, -0, -23.81361168218848, -2381.361168218848, 
0, 0.029999999999999999, 0.01, 1, 0, 0, 0, 0, -0, -54.380843679222572, -18.126947893074192, -1812.6947893074191, 
0, 0, 0, 0, 0, 0.029999999999999999, 0.01, 1, -0, -85.717525034993471, -28.572508344997825, -2857.2508344997823, 
0, 0.029999999999999999, 0, 1, 0, 0, 0, 0, -0, -53.804514935633321, -0, -1793.4838311877775, 
0, 0, 0, 0, 0, 0.029999999999999999, 0, 1, -0, -89.03131677761445, -0, -2967.7105592538151, 
0, 0, 0, 1, 0, 0, 0, 0, -0, -0, -0, -1548, 
0, 0, 0, 0, 0, 0, 0, 1, -0, -0, -0, -2498, 
0, 0, 0.040000000000000001, 1, 0, 0, 0, 0, -0, -0, -63.369637602001262, -1584.2409400500314, 
0, 0, 0, 0, 0, 0, 0.040000000000000001, 1, -0, -0, -78.897935312417488, -1972.4483828104371, 
];
