% DLT A-matrix
A=[
   0.03000000  -0.01000000    0.00000000   1.00000000   0.00000000   0.00000000   0.00000000   0.00000000 -28.78161530   9.59387177  -0.00000000 -959.38717662
   0.00000000   0.00000000    0.00000000   0.00000000   0.03000000  -0.01000000   0.00000000   1.00000000 -75.44225778  25.14741926  -0.00000000 -2514.74192597
   0.03000000  -0.01000000    0.01000000   1.00000000   0.00000000   0.00000000   0.00000000   0.00000000 -28.36352462   9.45450821  -9.45450821 -945.45082070
   0.00000000   0.00000000    0.00000000   0.00000000   0.03000000  -0.01000000   0.01000000   1.00000000 -71.97322970  23.99107657 -23.99107657 -2399.10765655
   0.00000000  -0.01000000    0.01000000   1.00000000   0.00000000   0.00000000   0.00000000   0.00000000  -0.00000000  14.81870377 -14.81870377 -1481.87037678
   0.00000000   0.00000000    0.00000000   0.00000000   0.00000000  -0.01000000   0.01000000   1.00000000  -0.00000000  22.43828174 -22.43828174 -2243.82817388
   0.00000000  -0.01000000    0.04000000   1.00000000   0.00000000   0.00000000   0.00000000   0.00000000  -0.00000000  14.99987079 -59.99948317 -1499.98707932
   0.00000000   0.00000000    0.00000000   0.00000000   0.00000000  -0.01000000   0.04000000   1.00000000  -0.00000000  18.33423716 -73.33694863 -1833.42371578
  -0.01000000  -0.01000000    0.04000000   1.00000000   0.00000000   0.00000000   0.00000000   0.00000000  16.92160019  16.92160019 -67.68640075 -1692.16001876
   0.00000000   0.00000000    0.00000000   0.00000000  -0.01000000  -0.01000000   0.04000000   1.00000000  17.82302030  17.82302030 -71.29208119 -1782.30202974
  -0.01000000   0.00000000    0.04000000   1.00000000   0.00000000   0.00000000   0.00000000   0.00000000  17.82799647  -0.00000000 -71.31198587 -1782.79964674
   0.00000000   0.00000000    0.00000000   0.00000000  -0.01000000   0.00000000   0.04000000   1.00000000  19.17763204  -0.00000000 -76.71052816 -1917.76320397
  -0.01000000   0.00000000    0.01000000   1.00000000   0.00000000   0.00000000   0.00000000   0.00000000  17.32830864  -0.00000000 -17.32830864 -1732.83086354
   0.00000000   0.00000000    0.00000000   0.00000000  -0.01000000   0.00000000   0.01000000   1.00000000  23.28553151  -0.00000000 -23.28553151 -2328.55315071
  -0.01000000   0.03000000    0.01000000   1.00000000   0.00000000   0.00000000   0.00000000   0.00000000  20.06653790 -60.19961371 -20.06653790 -2006.65379039
   0.00000000   0.00000000    0.00000000   0.00000000  -0.01000000   0.03000000   0.01000000   1.00000000  27.92994970 -83.78984910 -27.92994970 -2792.99496985
  -0.01000000   0.03000000    0.00000000   1.00000000   0.00000000   0.00000000   0.00000000   0.00000000  19.79970607 -59.39911821  -0.00000000 -1979.97060692
   0.00000000   0.00000000    0.00000000   0.00000000  -0.01000000   0.03000000   0.00000000   1.00000000  29.04786926 -87.14360778  -0.00000000 -2904.78692588
  -0.01000000  -0.01000000    0.00000000   1.00000000   0.00000000   0.00000000   0.00000000   0.00000000  16.42492191  16.42492191  -0.00000000 -1642.49219120
   0.00000000   0.00000000    0.00000000   0.00000000  -0.01000000  -0.01000000   0.00000000   1.00000000  23.12412137  23.12412137  -0.00000000 -2312.41213658
   0.03000000   0.00000000    0.00000000   1.00000000   0.00000000   0.00000000   0.00000000   0.00000000 -30.45717034  -0.00000000  -0.00000000 -1015.23901140
   0.00000000   0.00000000    0.00000000   0.00000000   0.03000000   0.00000000   0.00000000   1.00000000 -79.82020132  -0.00000000  -0.00000000 -2660.67337731
   0.03000000   0.00000000    0.01000000   1.00000000   0.00000000   0.00000000   0.00000000   0.00000000 -30.08894972  -0.00000000 -10.02964991 -1002.96499065
   0.00000000   0.00000000    0.00000000   0.00000000   0.03000000   0.00000000   0.01000000   1.00000000 -76.39711253  -0.00000000 -25.46570418 -2546.57041757
   0.00000000   0.00000000    0.01000000   1.00000000   0.00000000   0.00000000   0.00000000   0.00000000  -0.00000000  -0.00000000 -15.56043170 -1556.04316983
   0.00000000   0.00000000    0.00000000   0.00000000   0.00000000   0.00000000   0.01000000   1.00000000  -0.00000000  -0.00000000 -23.81361168 -2381.36116822
   0.00000000   0.03000000    0.01000000   1.00000000   0.00000000   0.00000000   0.00000000   0.00000000  -0.00000000 -54.38084368 -18.12694789 -1812.69478931
   0.00000000   0.00000000    0.00000000   0.00000000   0.00000000   0.03000000   0.01000000   1.00000000  -0.00000000 -85.71752503 -28.57250834 -2857.25083450
   0.00000000   0.03000000    0.00000000   1.00000000   0.00000000   0.00000000   0.00000000   0.00000000  -0.00000000 -53.80451494  -0.00000000 -1793.48383119
   0.00000000   0.00000000    0.00000000   0.00000000   0.00000000   0.03000000   0.00000000   1.00000000  -0.00000000 -89.03131678  -0.00000000 -2967.71055925
   0.00000000   0.00000000    0.00000000   1.00000000   0.00000000   0.00000000   0.00000000   0.00000000  -0.00000000  -0.00000000  -0.00000000 -1548.00000000
   0.00000000   0.00000000    0.00000000   0.00000000   0.00000000   0.00000000   0.00000000   1.00000000  -0.00000000  -0.00000000  -0.00000000 -2498.00000000
   0.00000000   0.00000000    0.04000000   1.00000000   0.00000000   0.00000000   0.00000000   0.00000000  -0.00000000  -0.00000000 -63.36963760 -1584.24094005
   0.00000000   0.00000000    0.00000000   0.00000000   0.00000000   0.00000000   0.04000000   1.00000000  -0.00000000  -0.00000000 -78.89793531 -1972.44838281
 ];
